spawns:
  default:
    world: 8a970676-958b-4cc8-9060-36a311ea91e1
    world-name: world
    x: 97.38578597355787
    y: 68.0
    z: 98.47953621500677
    yaw: -107.2467041015625
    pitch: 15.899646759033203
  snow:
    world: 8a970676-958b-4cc8-9060-36a311ea91e1
    world-name: world
    x: -3372.5
    y: 65.0
    z: 273.5
    yaw: -106.49673461914062
    pitch: 18.7496395111084
