world: 8a970676-958b-4cc8-9060-36a311ea91e1
world-name: world
x: -3372.5
y: 65.0
z: 273.5
yaw: -106.49673461914062
pitch: 18.7496395111084
name: snow
lastowner: 89cb53e3-80f0-4e19-ba51-b91d07798414
